11.362 14.232 8.319 -8.266 -37.528 31.917 13.398 7.979 -1.738 30.729 15.708 -47.009 32.060 9.102 41.565 15.651 11.362 20.360 13.688 -5.535
-7.119 -7.955 -5.239 1.745 6.852 -9.608 -8.018 -12.742 4.193 -16.098 -9.601 13.838 -10.372 -14.353 -12.057 -2.192 -4.727 -16.177 -3.022 -12.559
19.762 22.051 15.540 -0.394 -6.364 16.102 22.568 34.504 -11.182 34.334 26.752 -25.057 18.328 38.891 18.253 1.820 13.309 40.612 7.418 39.270
24.542 29.953 19.049 13.294 22.172 -4.175 25.680 20.562 -8.413 -0.317 28.970 10.179 -2.613 29.554 -27.573 -12.799 12.757 25.921 10.710 41.687
0.341 -4.264 -18.439 -24.085 -19.108 38.804 -18.783 20.186 -26.166 46.678 -16.970 -15.584 37.139 35.916 29.869 -27.094 -34.437 37.197 -27.834 28.783
21.353 33.189 18.137 26.364 27.051 -9.695 24.947 -12.363 9.220 -36.813 25.937 29.615 -9.657 -3.908 -49.483 -7.119 16.540 -3.670 24.600 7.031
-6.138 -12.347 -5.697 -10.945 -4.121 -2.066 -9.062 9.206 -8.440 13.621 -9.130 -7.661 -1.977 7.018 11.328 -3.534 -7.765 3.936 -13.082 6.638
0.461 22.239 -24.717 1.653 -8.178 36.892 1.997 26.344 -4.614 -55.585 4.668 18.118 37.086 43.018 4.612 -27.684 9.040 45.938 13.658 48.099
14.622 30.177 9.616 29.886 28.565 -3.087 25.016 -14.173 0.165 -44.381 25.741 30.093 -4.377 -2.879 -51.685 -7.515 20.512 -5.364 10.590 6.577
8.424 32.778 10.939 29.510 12.250 16.644 22.366 -19.897 -18.584 13.560 22.711 18.599 17.174 -2.825 -20.562 10.929 17.071 -0.624 -11.424 -10.678
-29.154 28.380 -10.526 18.221 -21.521 28.486 2.777 22.188 19.357 21.072 13.608 43.240 33.523 -62.580 -38.936 24.269 20.892 37.602 -16.992 12.662
-27.875 22.733 0.140 32.380 -25.926 20.429 -23.908 -4.720 24.519 -19.980 19.721 21.366 5.280 -43.219 -58.334 24.891 23.653 -5.652 32.612 2.757
7.680 13.522 -34.289 17.686 25.695 34.131 21.562 26.972 -0.080 41.633 23.547 -5.634 21.186 -37.125 18.536 14.530 26.798 28.992 20.268 23.250
16.149 15.566 8.738 21.526 17.381 -13.738 10.885 26.053 2.917 29.038 9.251 -24.907 22.242 29.820 5.572 -21.287 -46.261 -22.632 12.048 14.009
-23.238 24.179 5.441 14.538 18.112 24.310 -3.145 35.329 26.091 15.704 -11.629 -1.490 10.309 7.178 -48.554 15.025 9.853 -58.665 -12.959 24.295
18.412 22.455 6.380 13.743 -7.497 2.199 13.430 15.765 24.063 -2.889 -16.962 -4.942 13.799 -46.333 -3.090 8.901 -44.041 -58.746 0.981 -28.058
3.762 4.146 10.195 26.030 23.840 -8.595 9.188 21.510 12.880 12.574 -12.979 1.972 14.400 33.288 -13.174 30.884 2.753 15.315 15.459 20.960
13.063 10.023 13.357 5.936 15.627 27.940 24.670 23.208 1.698 28.817 23.398 36.586 29.648 -3.670 31.565 18.459 25.781 13.943 18.522 0.780
-16.966 -32.810 -13.387 -3.110 -33.258 -20.731 -17.535 -29.609 -15.594 -37.621 -21.517 -23.924 -22.848 -62.612 -13.908 7.090 3.230 -54.608 -12.058 -62.813
14.831 13.053 14.415 6.457 18.558 28.663 26.111 25.520 2.370 32.514 25.509 39.228 30.635 1.899 32.397 16.839 24.436 18.526 19.380 6.183
20.657 19.800 21.066 -13.214 22.215 33.754 26.418 33.190 -1.933 47.449 26.271 30.961 33.694 25.315 36.591 -1.971 23.792 33.772 7.810 26.765
20.965 29.349 23.729 -12.194 27.725 37.251 24.128 33.509 9.720 39.100 24.566 17.084 36.003 44.510 22.738 -4.564 21.641 46.021 8.727 47.107
-6.599 -12.540 -8.226 -1.033 -11.810 -14.697 -8.904 -11.577 -8.836 -9.181 -8.968 -5.396 -14.514 -17.279 -4.406 -3.188 -8.245 -18.118 -7.207 -19.367
11.605 27.441 15.683 10.875 28.365 35.329 20.867 27.142 26.685 17.650 19.441 17.079 36.498 37.402 12.090 18.711 19.384 42.018 22.962 43.493
-11.228 -26.093 -5.199 -43.856 -20.030 7.341 -10.063 5.930 -16.974 17.915 -21.636 -16.338 5.016 -6.928 33.921 -6.984 9.250 -7.656 -28.156 -13.550
11.669 -12.151 3.083 -15.697 -6.014 38.520 0.345 2.068 -6.421 35.180 -5.642 -16.665 37.364 26.719 34.022 -4.729 8.926 13.579 -11.470 8.263
19.720 30.977 23.759 27.659 28.284 0.027 23.623 28.554 12.822 26.607 26.612 12.332 -14.726 34.215 -17.038 -23.904 20.746 45.982 19.385 49.553
7.393 -16.239 -28.568 -21.252 -5.683 7.277 -26.781 21.136 -21.278 25.567 -19.888 15.180 -31.571 34.536 20.595 -19.439 -17.106 31.557 4.525 14.980
11.741 -4.004 -16.584 0.059 25.934 38.157 -16.814 25.824 -16.765 11.210 17.737 43.270 12.461 5.135 -2.133 -17.302 19.003 13.055 33.140 35.144
-32.306 -53.788 -4.367 -8.525 17.498 -6.771 -43.828 -16.742 14.157 15.209 7.361 -6.248 -28.206 23.485 22.575 1.928 21.386 30.811 12.916 22.407
-2.782 16.650 6.074 18.152 27.080 -38.194 3.957 -10.067 14.388 30.125 17.931 25.960 -66.748 -11.576 -37.176 4.365 -7.182 33.871 15.825 14.277
24.037 -4.491 -9.035 13.972 27.303 -21.370 -5.143 24.945 -2.553 23.414 -33.364 30.560 8.815 14.976 -42.440 -15.559 -38.338 35.477 16.253 -6.413
18.201 21.011 13.279 -26.886 -25.582 5.750 18.299 32.081 12.606 17.196 25.725 10.798 26.654 32.602 35.700 -13.221 20.526 18.925 29.366 23.781
16.066 10.248 0.539 6.089 -0.596 -65.749 21.103 -5.392 -21.534 33.081 21.040 -39.187 -54.576 21.135 -25.738 22.954 10.295 25.918 -6.854 28.521
3.051 22.900 23.002 11.572 7.026 -17.222 24.199 22.072 0.258 42.811 -14.889 -1.007 -31.123 -5.371 -14.410 -2.481 -0.550 39.822 30.333 25.137
-0.138 10.058 11.191 15.404 20.279 28.316 23.759 24.303 18.384 18.268 25.418 42.381 30.655 4.480 30.327 -0.515 2.839 44.673 32.323 5.095
-31.504 17.823 3.827 13.756 -34.450 -40.614 -37.829 20.863 6.092 39.065 -46.045 -7.876 -33.116 18.822 -46.014 12.111 -15.472 -32.599 -9.816 -24.888
-23.921 -24.701 -13.307 17.071 -50.603 25.092 -25.535 11.296 18.578 42.711 -33.032 0.401 29.830 6.011 26.482 10.346 18.736 25.625 13.999 22.670
9.216 22.685 10.975 23.275 26.987 30.532 21.995 23.810 25.843 14.301 21.023 28.916 33.386 22.457 14.083 28.811 17.805 32.656 30.150 29.436
-4.799 -11.246 -6.424 -4.801 -11.524 -14.194 -8.482 -10.769 -10.807 -6.668 -8.073 -6.885 -14.547 -14.662 -4.359 -7.590 -7.897 -16.686 -9.538 -17.242
-7.719 -9.422 -9.029 8.043 -9.600 -15.430 -9.354 -14.256 -1.971 -18.144 -8.635 -7.179 -14.971 -16.590 -12.994 2.099 -9.471 -17.600 -1.575 -17.075
-11.907 -14.821 -7.382 -34.345 -7.839 8.422 -10.575 11.802 -2.030 20.355 -21.207 -14.190 8.016 23.554 29.158 -4.835 -2.175 14.682 -21.746 16.546
18.062 32.479 21.723 1.986 29.691 35.696 22.650 28.442 20.402 23.289 23.719 13.281 34.999 43.100 9.313 4.995 20.204 44.873 17.288 48.234
-15.244 -34.609 -5.911 22.078 12.361 4.060 -18.308 -0.345 -15.881 41.837 -27.835 19.440 13.783 5.401 -15.573 0.267 1.189 -29.104 -22.880 15.849
20.814 16.190 21.344 17.860 22.139 36.158 26.136 34.096 -1.355 47.828 23.084 -5.899 34.716 24.210 -9.109 11.511 26.960 25.945 10.217 37.807
10.317 18.926 13.683 10.080 -13.017 23.555 23.750 25.158 10.595 30.732 26.671 -24.491 26.846 21.985 36.324 27.495 23.956 30.642 21.132 14.792
14.566 32.308 11.933 30.442 14.531 12.150 22.610 -14.504 22.458 -25.075 23.214 25.018 12.742 -7.295 -23.073 9.275 17.316 0.756 31.343 -6.163
10.183 24.320 11.276 18.310 -12.678 22.612 20.622 -11.950 22.099 -5.758 21.432 -8.246 23.230 -11.169 11.296 24.328 21.555 1.674 31.945 -20.450
-9.119 -13.904 -6.637 -10.182 -11.842 1.385 -9.937 0.550 -1.981 10.044 -10.625 -12.344 1.168 -4.058 17.986 4.517 -5.053 -3.806 -8.063 -8.763
24.747 30.883 18.992 15.208 24.359 -5.309 25.822 17.326 -6.989 -5.078 28.791 14.165 -3.966 26.845 -32.179 -13.557 12.669 23.223 11.835 39.729
-8.813 -9.838 -6.123 -0.434 -0.365 -5.381 -8.903 -13.541 5.625 -11.781 -10.588 6.488 -6.207 -16.569 -2.747 2.503 -3.884 -16.605 -2.086 -18.055
23.333 32.380 20.114 23.005 29.653 -14.447 26.069 -3.396 2.722 -31.019 27.623 26.608 -14.033 4.814 -50.294 -11.101 16.439 2.259 20.131 18.555
75.472 80.280 68.100 63.045 72.588 54.830 77.502 77.203 41.546 61.755 77.670 60.098 56.037 84.722 35.039 38.468 63.935 82.643 60.087 97.612
73.031 86.374 69.435 81.876 83.631 52.196 80.219 51.597 63.453 30.483 78.646 87.003 52.553 58.233 18.541 47.681 70.357 58.310 75.757 69.815
61.435 81.557 68.192 78.676 63.481 74.947 77.355 46.277 -0.861 79.919 76.901 78.366 76.186 54.710 48.610 63.158 64.543 59.107 -12.392 51.536
63.845 88.995 52.450 71.627 72.664 55.012 84.742 52.248 62.890 12.502 84.117 86.028 55.228 56.274 17.208 51.118 83.279 57.959 71.959 71.812
13.339 18.946 -157.892 66.395 -22.515 67.850 80.325 58.998 62.537 90.032 65.791 51.939 77.373 -98.104 -106.636 73.154 81.278 75.616 80.953 36.243
-98.403 85.321 -5.927 71.078 39.242 -104.770 -121.727 45.546 82.025 -33.086 81.406 82.764 71.212 20.313 -28.125 6.886 83.764 56.524 81.811 58.387
-153.020 88.457 -49.689 -40.431 34.943 54.885 -9.045 -11.213 -31.056 23.333 7.961 10.604 19.134 -26.096 -22.469 80.409 57.781 4.913 -100.823 50.731
-108.274 78.374 45.155 52.257 60.588 76.374 -50.742 100.769 46.599 -62.800 -11.944 55.009 -121.662 -94.014 -71.620 25.722 -6.574 -75.502 -31.165 50.755
6.724 44.497 51.625 81.841 51.567 53.366 14.280 10.735 65.013 92.411 65.685 41.356 43.735 44.150 75.228 -12.160 -167.106 45.759 73.082 52.069
43.471 17.981 37.211 10.114 26.940 -64.760 10.333 -71.372 -34.937 49.083 -0.457 -29.070 -19.657 87.695 -91.953 82.197 34.799 -49.123 55.904 -46.160
45.977 -0.702 30.016 71.898 -40.699 -104.984 14.259 -27.699 51.043 -134.466 -85.003 54.908 -107.086 -0.797 -21.885 46.441 -140.525 -55.699 35.589 -133.331
-103.273 -154.530 80.883 50.367 -85.750 -56.322 -122.767 -108.035 -55.508 -92.841 -27.265 34.190 -122.429 52.971 13.680 -68.550 -63.128 -135.450 -138.417 10.686
76.656 62.554 67.502 -50.363 -81.090 92.066 82.419 -35.370 -52.742 97.622 66.132 -48.857 94.020 -15.646 85.954 60.755 87.107 24.938 48.963 -33.826
84.996 83.160 79.547 -53.714 9.641 64.342 90.825 73.206 5.148 53.900 83.877 -59.356 66.271 88.484 91.789 56.401 88.045 100.307 44.431 82.796
79.204 70.641 72.817 -40.152 -66.757 94.345 87.352 -22.384 -39.444 100.882 74.672 -39.965 96.466 -3.047 88.061 65.945 87.647 38.254 57.437 -19.699
82.462 89.881 83.107 3.558 86.023 -15.771 84.527 94.366 67.499 -63.056 87.111 -3.240 -14.435 73.396 -16.217 59.065 85.395 66.822 54.891 94.840
-127.354 -148.966 -27.733 32.569 37.413 40.506 -131.892 48.840 70.088 86.505 38.078 -136.966 -45.897 80.337 89.266 43.590 67.908 97.841 72.041 62.842
68.765 -25.112 -85.729 -70.120 46.723 23.062 -89.108 -25.365 -108.812 -64.041 79.811 24.085 65.110 -109.327 -46.448 -11.719 75.359 -64.664 91.511 -46.475
-46.802 78.397 55.432 -30.000 39.166 24.553 35.904 -140.799 -11.710 96.667 50.592 -95.550 -95.451 54.427 -25.646 60.279 -34.254 85.707 77.253 46.941
74.056 84.268 73.772 -38.320 -10.295 -88.837 37.027 68.042 69.011 55.562 61.399 28.456 -84.000 94.220 -12.788 -105.009 76.907 25.099 90.151 22.181
45.544 -4.756 32.016 47.759 -129.382 -81.114 64.319 37.958 -6.729 34.230 81.271 20.681 -120.770 14.456 -84.891 -3.822 -10.166 88.652 -68.171 88.484
-76.712 -91.801 -63.781 35.197 -44.357 91.135 -44.503 63.514 22.541 91.813 -60.152 62.782 84.846 3.957 62.427 56.830 39.162 79.073 69.951 22.441
67.966 82.247 70.994 77.142 6.806 19.176 84.340 -51.642 44.004 -21.559 81.640 85.595 21.797 -87.500 -89.179 89.719 80.399 -40.615 90.449 -69.309
84.565 77.985 76.846 82.125 79.430 39.478 87.837 84.617 13.844 24.702 76.725 59.937 31.445 77.845 46.509 60.239 83.784 91.678 63.438 102.751
75.147 80.425 67.087 64.730 74.521 53.125 77.228 74.122 42.436 56.995 76.844 63.522 54.340 81.936 30.721 37.000 63.183 80.013 60.234 95.724
14.403 19.811 21.311 23.844 19.284 21.332 13.912 16.324 15.327 22.941 21.855 18.096 21.027 20.944 22.287 -8.352 12.728 29.434 23.180 29.147
-2.607 8.088 9.435 14.519 3.684 12.803 6.806 6.720 14.173 8.372 6.913 5.603 12.571 15.517 19.270 15.190 14.886 15.258 16.953 13.670
-1.648 6.030 3.830 6.458 17.694 11.756 16.637 10.414 12.017 12.261 12.955 20.357 11.622 4.549 15.893 -11.984 32.937 25.379 13.284 4.329
20.796 20.405 18.311 16.104 27.901 17.991 25.547 18.596 16.575 27.546 28.872 26.928 17.837 11.474 20.381 -3.577 20.298 20.090 18.724 21.550
11.394 17.769 2.807 20.580 -25.341 5.995 -9.379 19.095 -9.181 5.866 4.974 -7.735 13.757 15.366 20.254 -22.644 5.079 7.791 16.803 4.202
16.351 14.309 20.720 -3.506 23.152 -15.540 -4.522 16.722 -30.426 11.246 -4.830 26.608 2.082 1.817 -15.248 -35.983 -51.793 22.754 13.054 7.299
0.081 11.247 15.886 21.333 4.228 17.219 5.136 8.848 16.221 9.877 8.112 5.341 17.236 21.666 22.621 9.243 14.062 23.859 20.984 22.277
4.605 -18.708 -18.211 6.543 -19.985 11.357 1.115 2.569 -9.231 25.276 -9.299 -6.536 10.120 4.626 14.032 20.021 10.015 9.404 9.568 10.038
19.033 20.776 24.717 22.186 22.947 21.632 21.004 18.991 19.696 24.748 25.412 22.510 21.848 19.275 24.832 -2.530 20.850 27.817 22.866 28.793
-3.205 -22.777 -30.915 -22.211 3.695 -8.521 -21.457 -9.625 -7.037 8.630 2.861 15.289 -19.331 7.683 10.177 8.008 7.289 15.746 9.655 3.968
-6.260 15.107 10.426 -11.205 23.625 -18.608 31.974 -8.232 -12.671 18.602 22.833 25.068 -32.261 -10.058 -20.389 -12.085 -36.031 20.384 12.236 16.475
5.963 -2.847 8.783 14.409 12.232 -32.262 -0.694 -6.277 -26.723 23.107 7.623 -31.870 -29.215 8.057 -1.678 9.518 19.463 17.102 -17.382 22.548
16.337 12.073 21.047 -15.077 26.469 -4.135 12.351 10.738 13.627 24.182 9.736 20.608 -12.998 -6.767 -11.999 -16.463 30.737 21.894 16.815 13.140
-6.953 11.740 18.066 -16.764 -5.959 -16.438 -31.647 12.219 18.417 22.763 -34.134 -10.471 -13.503 3.944 -31.660 -13.057 -9.976 -15.974 -21.226 -22.532
19.625 -5.745 -15.893 -27.455 -6.983 6.203 -7.674 9.038 -36.656 6.297 5.282 2.867 -10.110 18.554 20.719 -25.600 9.957 11.941 14.188 3.670
9.287 8.508 28.360 23.743 8.229 21.188 23.742 8.049 25.719 12.576 19.273 7.873 20.083 13.613 26.480 -12.999 34.130 6.274 16.290 11.073
10.584 -4.806 2.195 -10.269 5.732 -6.877 20.650 -0.538 12.712 -8.573 0.972 3.647 -5.365 -18.806 -0.488 25.525 27.492 -18.297 -13.368 -12.174
-9.686 -9.910 -12.708 -16.915 -15.247 -12.650 -23.814 -7.519 -24.575 -5.428 -12.091 -9.739 -12.915 -2.395 -19.884 -21.551 -33.258 -9.613 -9.708 -13.207
18.615 3.667 19.657 -1.854 10.070 3.598 26.006 9.913 22.144 2.190 10.381 12.692 5.989 -2.684 13.396 27.027 35.942 -2.372 -0.334 3.483
7.213 18.212 18.986 7.101 14.707 -0.170 7.631 11.145 12.781 17.484 19.309 11.896 -9.802 16.793 4.572 -3.164 9.569 27.508 21.413 28.877
0.465 8.598 6.310 10.092 8.637 10.770 11.386 7.657 12.431 11.671 10.840 10.305 10.358 10.328 16.610 13.694 15.271 10.493 14.447 9.376
18.527 21.023 19.495 20.172 24.992 19.849 19.207 17.965 14.154 27.178 26.607 23.479 19.490 16.527 20.335 -10.331 13.736 25.729 21.407 26.038
10.785 -6.623 -5.674 -24.260 2.342 21.326 -16.381 11.505 -24.162 7.165 7.689 17.539 10.456 7.589 6.484 -41.337 23.499 4.920 13.571 15.867
-3.713 8.812 9.762 19.235 2.696 14.373 3.124 5.548 13.305 6.888 5.237 2.412 14.001 17.454 18.954 9.501 11.205 19.453 17.893 17.560
36.209 43.068 40.187 41.658 42.177 39.628 38.193 36.326 34.849 45.634 43.574 39.041 38.919 39.365 40.062 18.149 34.162 47.329 41.106 46.789
28.774 39.268 36.708 40.797 36.554 39.031 37.474 35.822 41.666 39.295 38.375 36.299 38.945 42.700 45.910 43.937 43.728 41.999 43.504 40.089
-14.009 -25.857 -13.445 -34.093 -21.080 -28.914 -3.711 -22.995 -10.673 -29.083 -22.500 -20.367 -26.811 -35.642 -19.720 -0.541 4.205 -34.959 -33.458 -29.140
-12.676 -17.458 -16.007 -18.324 -15.360 -16.451 -13.884 -14.227 -15.151 -16.934 -15.802 -13.683 -16.288 -18.012 -17.315 -10.969 -14.036 -19.980 -17.632 -19.076
-11.627 -16.706 -15.615 -17.549 -14.371 -16.052 -13.859 -13.965 -16.118 -15.748 -14.913 -13.143 -15.911 -18.032 -17.951 -14.696 -15.685 -18.799 -17.451 -17.834
8.898 27.194 24.525 34.107 41.852 36.356 42.024 36.927 40.634 37.116 43.134 46.979 36.952 30.863 41.138 18.454 -5.164 42.774 42.193 31.294
37.875 40.239 32.638 23.198 -43.795 31.245 19.756 28.431 18.289 14.309 32.812 13.901 40.357 23.815 -6.596 -45.694 36.006 32.505 44.415 20.160
40.151 7.754 0.076 11.413 47.060 -13.462 -8.543 3.077 -18.406 4.652 -49.456 39.833 27.802 17.354 4.639 -39.243 -64.112 21.254 40.031 -21.552
-6.080 37.346 32.809 -18.319 47.337 -73.162 17.546 -1.266 6.500 45.380 32.125 32.522 -65.433 -42.364 -22.440 19.896 -26.901 46.323 38.989 31.758
30.907 3.067 23.926 40.664 16.164 -68.985 32.137 14.409 -67.622 48.347 37.555 -50.829 -49.301 33.357 24.493 17.744 -1.865 7.602 -33.550 39.403
11.327 35.528 38.545 -15.704 26.663 9.576 41.467 36.865 36.899 36.336 -17.626 4.338 -6.398 -35.357 5.643 -28.442 -10.968 21.286 44.279 41.556
27.258 -8.523 7.291 35.276 -9.233 31.738 10.867 -30.425 3.026 3.735 4.760 -19.503 34.573 -3.448 17.654 -5.841 12.768 -20.610 2.606 -18.221
33.954 33.452 31.603 31.864 42.098 33.524 46.492 34.464 37.541 39.791 43.212 43.885 33.483 25.637 38.837 35.138 47.291 30.524 34.669 32.396
-57.531 -80.411 -26.462 -48.850 21.665 -30.148 -70.131 -1.602 20.976 19.548 14.956 -9.297 -36.764 29.158 37.799 23.900 33.880 42.014 32.876 24.361
19.127 -14.043 -66.418 -75.515 -20.111 -18.993 -41.244 33.461 -70.236 -0.606 -15.244 23.043 -53.013 18.946 35.197 -34.515 -13.465 30.009 14.756 -20.779
-36.037 -47.938 -39.660 34.229 -77.560 38.646 -33.355 29.210 15.871 44.010 -40.358 -8.562 38.583 29.193 42.382 25.097 20.837 32.467 30.582 37.800
-61.426 38.101 1.082 -20.823 -37.389 -16.077 -67.050 3.854 3.224 38.304 -81.506 -19.782 -12.662 22.787 -31.831 15.757 -49.214 -18.130 -25.571 -28.098
