20  3.121 8176 9217 9017 1393 3266 7598 6224 3098 947 2045 7543 5907 9789 5855 4544 1128 4752 7531 1134 7781
20  3.053 7543 5907 716 5891 7531 9217 3098 4954 1128 9119 5537 6762 7659 6224 3266 3859 9789 4930 9113 3528
20  3.096 9119 5537 2284 9789 7573 4991 1128 3266 34 5907 7659 7543 3098 960 716 5158 1434 9217 8599 9113
20  3.033 1134 3098 3078 4544 5891 5907 8176 1128 9017 9273 7573 9789 9119 9217 7543 716 9113 34 7659 1102
20  3.064 6908 9789 4184 3266 7440 5907 1128 3859 9217 8176 29 8267 34 8285 5537 7659 4544 7543 4954 3098
20  3.079 1102 7543 9789 5907 6885 3098 9017 9273 4015 29 22 7194 1128 3859 7781 1134 3266 4752 9119 9217
20  3.059 5891 9017 7659 9217 716 7573 9789 1128 3098 1134 8176 9119 3986 5907 34 1102 9273 9113 7543 4426
20  3.038 1128 5907 7377 1816 34 3098 9789 3266 4426 7531 7573 9113 3859 9017 9119 5891 7659 7543 9217 4544
20  3.094 784 3953 947 3098 9789 4752 9119 7543 9113 8176 1102 7573 7531 3266 9217 1128 9017 2740 7659 5907
20  3.079 7543 8176 5158 7531 9273 6224 3098 5891 9017 5511 8605 8766 3266 9113 5907 674 9789 4544 7659 1128
20  3.083 9119 1102 3266 9217 1393 7543 1128 9789 9811 4874 7531 2740 6176 5907 3859 3953 4752 3098 9017 2045
20  3.050 3098 9017 7531 9113 1102 7543 5979 9119 9789 4874 5891 1128 4544 7573 3266 4752 5907 9217 7659 947
20  3.065 3266 7781 8605 7543 5891 29 8176 9273 1128 4544 9789 9217 8392 9119 7659 4752 947 9113 3098 9017
20  3.113 5537 7543 9273 5907 5891 9789 545 7642 3266 9217 1393 8392 1128 9831 8350 9119 4752 1806 319 7659
20  3.067 8605 7543 7659 1128 9113 759 9273 9217 3266 5891 9119 9789 9017 4544 5907 3098 7595 3859 5538 6908
20  3.117 1770 9789 9119 9351 7543 9273 29 4297 1128 3266 2062 4544 5907 3859 4930 1485 9217 34 3098 7659
20  3.069 7531 3859 3098 2783 9119 5907 5891 716 9017 4015 6224 9789 4297 3266 7543 9113 9217 1102 326 1128
20  3.058 9113 7543 3266 7659 9789 5907 4954 7531 1128 34 8392 4544 9791 5891 5537 716 1102 3098 947 3859
20  3.044 1128 3098 1102 5907 34 4930 9113 3859 4954 7573 6224 9789 6762 5891 3266 7543 716 5537 7659 7531
20  3.084 8176 2740 7543 2284 29 6469 9789 1102 1816 3859 1128 4544 3098 1464 7659 34 5907 9119 3266 9017
20  3.066 4544 3953 3266 9273 4874 8669 3098 7659 8176 9789 6176 7543 9217 674 6885 29 5158 1128 9017 5907
20  3.082 8321 5891 9017 8605 9217 2045 4426 7543 5907 8392 3859 8285 9119 9789 1128 5158 9273 7659 6908 3266
20  3.082 3528 183 5537 9113 8392 4544 9217 1128 5891 716 4954 6908 960 7659 9789 3098 5907 7543 3266 9119
20  3.116 716 3098 4991 2045 4184 9789 34 7543 5919 9273 5865 1134 5907 1393 7659 9119 1464 1128 3859 4544
20  3.105 7873 1993 9273 7543 1393 7781 1102 7659 7219 9119 9017 34 3098 7573 3266 1128 9789 5907 4752 4544
20  3.063 7573 9017 9789 5891 4544 4874 9119 9113 3266 7543 9273 8734 7659 716 5907 6908 9217 1128 1102 3098
20  3.052 5158 4297 7659 3098 34 3266 2045 7543 4544 5891 9017 9789 9113 5907 960 1128 7531 8392 716 4874
20  3.076 5907 9119 5891 2922 3859 5537 7659 7531 29 9113 1128 4954 9217 7543 9789 947 4544 4015 3098 9351
20  3.102 3266 5891 1128 960 4544 5158 559 7351 7543 3098 9789 759 9017 5907 4752 9119 7659 34 3046 1942
20  3.092 5907 8669 9273 9789 3098 7543 7573 3953 29 1128 6499 9217 9017 674 1816 7659 4544 1134 8176 5563
20  3.076 7284 1102 4297 7543 3983 1134 9119 4544 5907 7531 4015 9217 1128 9017 4752 9789 3098 29 3859 7659
20  3.087 8176 6224 4297 7531 6885 5907 7642 1102 3266 4544 7543 5891 4930 8285 9017 1128 9789 9217 7644 3859
20  3.069 1128 2062 7781 34 960 4297 8630 9119 9113 7659 9273 5907 3266 9789 2609 9017 8176 7543 3098 1020
20  3.083 7543 4991 559 3528 9789 8176 8683 7659 9273 9119 3098 5907 1128 4544 9113 9217 5891 2432 6224 4184
20  3.111 5537 4544 759 7531 9921 3098 1128 4426 5907 846 7543 7659 9789 7284 34 1286 9017 3266 8605 9119
20  3.057 9119 1816 7659 9113 3266 5891 1485 7543 9273 1128 9217 34 3098 4297 716 7573 3859 5907 29 9789
20  3.107 7659 9789 2045 7543 9617 616 9119 9273 7377 3098 7531 1464 5907 9017 4426 3266 1393 1128 3859 2609
20  3.068 7543 8176 1134 7659 9273 9119 5563 9789 1128 759 9017 1464 1102 29 5891 3098 6900 9113 5907 4544
20  3.121 3266 5907 9700 2263 1020 4954 4544 5712 2045 616 7659 9789 6885 7543 7531 1128 960 3098 9017 2609
20  3.076 1434 9119 7543 9017 5879 1546 716 34 9273 2284 3098 9921 5907 3266 9113 1128 9789 7659 8176 7573
20  3.076 8392 7574 7659 1128 7543 304 8176 3953 9273 5537 6885 4752 29 4544 3266 9568 5907 9789 9119 3098
20  3.075 3078 8392 1128 9017 9789 559 9119 4426 4544 5891 7543 9921 5380 3266 3098 34 7659 1102 5907 1080
20  3.058 4426 9113 2045 3098 34 8176 5891 7543 3266 9921 9017 2740 326 5907 1128 7659 4544 9789 7531 9119
20  3.086 9113 7531 9119 1102 1134 7194 7284 3098 7659 34 9217 9789 6335 7781 4544 9017 8176 5158 7543 1128
20  3.110 1128 674 8165 7659 4544 3098 3953 183 5907 29 2432 1134 5537 7543 1102 9789 9217 1393 5511 8176
20  3.047 3859 4544 9017 9119 7531 2139 3266 5907 7659 2740 1128 7543 9217 1102 2045 4752 34 9789 1393 3098
20  3.071 947 5537 8285 9789 9113 3266 5891 9568 5907 9119 559 7573 9217 7543 3718 3098 7659 1128 1102 3859
20  3.073 5157 9017 9119 8176 9273 9217 7531 1128 7543 7644 9789 674 319 4752 5907 7659 3266 5891 6224 7573
20  3.050 9119 4544 7573 4930 9113 5537 9789 7531 1128 1102 7543 4954 5352 7659 34 5891 716 3266 5907 3098
20  3.082 9119 4544 29 3859 3953 3098 304 3266 4874 7659 7543 4752 1128 1102 6885 9789 5907 9273 6176 8392
20  3.095 7659 9113 9017 7573 9789 716 2284 9119 3098 9217 9273 5158 8669 3266 7543 7781 8176 846 9921 1128
20  3.114 8540 5891 1286 7573 7543 716 9017 9789 9831 8392 9273 9113 5907 1464 3098 29 4954 34 7659 9119
20  3.058 7022 1128 5157 9217 7659 9119 7531 9789 9017 7543 1102 947 3266 3859 8176 5907 5891 4752 7573 3098
20  3.101 7781 29 7440 7219 9273 5907 9119 9217 9789 3098 9017 7543 4752 7659 34 1393 3266 1128 2740 8392
20  3.052 7659 9017 4297 5907 4015 3859 9119 9217 9789 9113 9273 4544 7543 5891 3098 6885 7781 319 8392 1128
20  3.121 2740 8176 4930 7351 9217 7659 3046 5537 4544 7543 9789 3098 7531 1134 5891 2045 7314 9113 1128 1393
20  3.129 3397 7543 1796 5907 1128 1134 9789 4544 2191 9113 9119 716 7659 9273 4015 5891 7781 9017 3098 8715
20  3.078 3859 7351 1134 9789 7573 7659 1128 9273 4015 960 5537 7543 9119 5891 9113 9217 4811 716 3098 8630
20  3.105 34 3953 6762 5537 9789 3098 9113 7543 1128 716 7531 7659 4544 9119 3859 2284 1134 1102 5907 7573
20  3.060 716 1102 9217 8392 5907 1403 1434 8176 7543 9789 4544 7219 3098 1128 947 7659 9113 9017 34 5891
20  3.078 8605 9217 8176 5170 674 1128 3098 7543 9789 7659 9017 7531 9273 5907 7573 3266 9376 5891 4544 9113
20  3.050 7543 784 7573 3953 2045 5158 9273 4544 34 326 5907 674 1134 7531 9017 7659 3098 9789 8176 1128
20  3.056 7659 1128 29 3859 9217 7543 9273 3983 7573 9789 9113 5907 9119 1816 3098 4297 5891 3266 716 1485
20  3.055 1102 4752 34 5907 7531 7573 1128 3859 5891 4874 9119 9789 6176 1134 4544 7659 2045 9017 3098 7543
20  3.081 7573 5891 9789 716 9217 1128 9017 5907 846 784 9119 4544 4416 319 3266 9273 7659 6885 3098 7543
20  3.077 3098 34 7659 1134 9119 5907 1393 3266 7543 1128 4544 5537 3046 1816 9113 9273 9217 4297 3528 9789
20  3.072 1102 674 7659 1128 9113 5158 5891 8176 2479 9017 7543 3266 9217 4544 5907 3098 7531 2740 9789 2492
20  3.066 5537 7573 7781 4544 674 7659 9113 1134 3098 1128 9789 7543 5907 326 1434 9273 3953 616 8176 9017
20  3.061 9273 34 9113 1816 9789 1128 3859 1134 9217 7543 5907 9119 7573 5537 716 7194 7659 5891 3098 8392
20  3.057 9217 3266 9119 9017 9789 8176 1128 3098 7531 5158 7194 5907 9113 7284 34 7659 7543 4544 1102 7576
20  3.101 4954 846 8540 7659 5907 5891 7543 1286 9273 5511 3098 4426 9017 9119 759 9789 3266 9921 9113 4544
20  3.112 3098 1134 3266 1128 4544 9217 3859 5988 674 7543 9017 9113 9789 7781 7659 4954 8392 1102 8321 2479
20  3.092 3859 7573 3098 4954 9017 2045 3397 3266 9789 9217 4184 4930 7659 4544 5907 34 4426 7531 7543 1286
20  3.099 3266 9119 3859 7659 9789 34 1642 9273 1816 1393 1128 9017 2139 6469 5907 2191 4544 3098 6224 7543
20  3.064 7543 7573 4544 1128 3098 9017 9119 5891 7781 9217 9789 8392 7659 29 8605 1134 9113 716 34 9273
20  3.112 4991 3983 8392 3098 1128 7659 674 8669 7531 9789 3859 6176 716 4954 3266 9217 7543 29 5907 4930
20  3.053 34 7219 716 5158 8176 9789 1128 1816 3098 7543 5891 9017 5907 9119 4544 7659 7573 9113 9217 7531
20  3.035 3266 6176 7531 6224 716 3859 9789 5907 1128 5891 7659 4297 3098 9119 7543 4544 34 9017 7781 9113
20  3.083 4015 7659 7642 1551 5891 7543 8605 5907 9119 1128 8176 4426 1102 3859 7531 183 9017 9113 9789 9217
20  3.093 9789 2139 3528 9273 9017 1286 9119 7659 7573 9113 1102 3266 34 9217 5907 4426 4544 7543 3098 4954
20  3.067 7659 5907 1134 3859 9789 4544 1128 5537 5891 3098 9017 6762 2062 34 674 9273 7573 960 9113 7543
20  3.107 9113 6835 3266 8392 9273 674 1128 9789 5907 7194 3098 7781 7543 7659 9217 2661 5537 9859 4874 9017
20  3.061 3098 4544 7543 1128 5891 8176 2351 9113 8734 8669 1102 716 9789 3266 6908 9217 3859 29 7659 7351
20  3.086 3859 3266 7284 6469 183 9119 3098 9017 9217 1102 4015 9789 4954 4544 4752 7543 7531 1128 5907 6224
20  3.059 1102 7659 4544 7543 3098 1128 2284 2740 9789 34 7531 5158 9217 9119 8599 5907 9017 9113 3266 3859
20  3.073 4015 5907 2045 559 3098 1102 1128 7543 4752 1134 183 7659 4874 5891 9119 7573 9217 4544 7531 9789
20  3.107 1128 784 5907 9119 2740 8176 1102 1393 960 7642 716 2661 9789 9017 7543 2922 1434 9113 2609 34
20  3.033 1128 9017 9273 7573 4544 3078 9789 5907 1134 7659 34 716 5891 9217 9119 7543 3098 8176 9113 1102
20  3.083 9017 7659 5907 4426 3266 1393 8392 7781 9273 9789 1102 2139 34 1128 9113 4544 5563 9119 3098 7543
20  3.138 3098 9217 6908 1102 7659 8176 3528 9119 5380 1128 1770 5537 4426 3266 184 7543 3859 5907 9789 5512
20  3.078 9217 5891 7531 1128 9273 4930 7194 5537 9789 3859 4015 5158 7659 3098 7543 1134 8392 9119 4752 2045
20  3.063 716 7543 6885 6224 4544 1128 5158 7531 3859 4015 9789 9113 9017 5907 5891 960 3098 4297 9217 3266
20  3.059 1128 4015 9119 9217 8176 7543 7531 9017 29 9273 5891 3859 3098 7659 9789 5837 8605 6224 4752 5907
20  3.047 9217 2740 34 2139 3098 9789 7659 3859 1393 4752 5907 2045 9119 4544 3266 1128 9017 7543 1102 7531
20  3.065 3266 5891 4752 947 1128 2045 4297 960 34 7543 6224 3859 3098 7573 4544 9017 5907 7531 9789 7659
20  3.058 7659 9217 4544 5157 7543 1102 7531 9113 1128 5891 183 5907 716 5537 9119 8176 1134 9789 3098 4015
20  3.052 7573 716 8176 9789 9119 6176 1434 7543 1128 7781 7219 7659 34 9017 3098 4544 9113 9217 5907 5891
20  3.057 7659 9113 9017 7781 8176 9789 4874 9119 9217 5907 7005 7543 3098 2284 5158 4015 1128 183 4544 7531
20  3.058 9113 1128 4752 9017 9789 3266 2995 9273 7531 9119 5907 8176 784 716 3098 7543 8605 759 7659 5891
20  3.064 3098 9119 5380 2740 7543 7659 5891 7531 1464 7573 2045 716 34 5537 9017 9789 5907 3266 326 1128
