 1  9.807 6
 2  7.721 452 873
 3  6.052 889 809 452
 4  5.700 214 1818 889 1069
 5  4.949 889 438 1201 521 418
 6  4.597 438 889 1726 1358 452 1201
 7  4.476 1358 1726 1321 438 452 889 1201
 8  4.513 136 889 438 1384 1553 1730 1358 1201
 9  4.306 1073 848 438 889 1393 1015 418 521 1201
10  4.176 438 889 1393 809 452 1201 521 1127 1015 1073
11  4.119 1201 1073 1121 889 1069 1015 136 438 1730 1393 521
12  4.065 1859 1015 1201 1069 438 1073 889 521 874 1616 1393 136
13  3.927 889 1358 299 1201 1393 1028 438 1069 1730 521 136 1073 1015
14  3.942 452 794 874 438 1358 1201 1069 1073 261 1015 889 521 1726 1028
15  3.918 1028 1730 438 1859 452 889 1201 874 1069 136 521 1358 1015 1393 1073
16  3.883 1358 1073 521 1140 1201 1069 1730 1015 1393 1028 438 889 874 136 1859 452
17  3.928 1730 351 848 1028 889 1201 438 1616 1358 1073 1393 1859 336 1015 1634 1069 136
18  3.935 1616 1028 1073 1859 1015 1201 1039 452 1069 1358 438 364 1730 1788 889 1333 136 874
19  3.962 1358 438 351 889 136 1616 1015 1201 874 1028 1859 1897 452 848 1069 2 342 1073 242
20  3.956 1864 452 438 1015 1856 1073 1358 1201 848 1947 1938 889 1028 1730 1039 342 364 538 418 521
21  3.937 1889 1073 1730 1028 136 452 1069 1201 1127 1015 1358 342 889 1726 538 1393 1856 351 1864 521 438
22  3.946 1015 1073 521 848 1358 1711 452 889 825 1201 1947 438 1393 538 351 1859 1726 1069 331 1864 214 1856
23  3.970 438 1889 889 1864 1730 1073 1358 1856 1201 1039 351 342 1859 538 1028 1616 452 136 418 1947 848 1069 1015
24  3.978 538 1069 342 1039 577 1015 1864 1358 1889 331 848 1616 1856 438 452 1201 889 351 1859 1730 1073 1028 261 418
25  3.973 889 1393 452 577 1073 1358 438 1788 1726 1574 364 1015 1856 1028 1864 538 1859 1069 1730 1616 351 1938 848 1201 136
26  3.980 1856 214 242 889 1358 1616 521 1393 1225 1069 2 1028 538 136 1726 351 1201 848 452 438 1947 1864 1073 1015 1859 825
27  3.973 438 1726 1859 1711 342 1201 538 521 351 1015 1393 1730 1028 1889 1864 1073 1358 848 1856 1616 1947 331 1039 452 1069 889 825
28  3.980 1358 438 889 136 342 1616 1859 848 331 351 452 1711 1730 538 242 1830 1889 1393 1015 214 1864 1856 2 1201 1069 825 1073 1028
29  4.022 1069 1201 1856 1859 1358 1864 1726 331 848 538 1028 889 1073 438 214 1015 452 342 825 1788 521 1711 1730 1616 1260 1333 1947 364 1039
30  3.997 1889 1015 1073 1864 242 438 2 1393 1028 214 521 241 1830 1069 452 1726 848 889 538 342 1616 1201 825 1730 331 351 1358 1859 1947 1856
31  4.031 1069 1726 242 1889 438 351 2 452 848 538 1859 825 1730 241 1028 1947 1201 521 1864 214 1856 1616 1393 1358 889 1830 1015 342 1073 794 331
32  4.047 538 1574 1225 1073 351 342 1726 825 1201 1028 241 1947 1864 889 1856 1859 1015 214 521 1358 331 1889 1730 848 438 452 1069 794 1393 1711 1616 2
33  4.051 538 1889 452 1788 889 2 1225 1073 1028 242 351 438 1859 214 1730 521 1616 1726 1201 241 1856 331 825 1393 342 1864 1015 1358 1039 643 1947 848 1069
34  4.073 1730 1856 1947 1039 738 1859 848 1069 1015 2 1225 1358 1726 1393 331 1788 438 643 1201 538 452 889 342 242 825 1864 1830 521 1616 1028 1889 214 351 1073
35  4.102 214 1225 538 1864 1856 351 418 1859 241 1574 794 1201 1616 889 1015 342 1726 1788 1947 1039 1073 452 1309 1493 848 1333 331 643 438 1069 1730 1889 521 1358 1028
36  4.121 1225 889 1859 452 1889 738 2 1201 1073 351 1069 1393 1574 1726 438 1028 577 241 364 521 538 1856 1730 214 1358 1864 1616 1788 1667 643 342 331 242 848 1015 794
37  4.116 1889 351 1393 342 1730 1616 214 418 848 1073 1028 242 643 452 521 1947 1493 241 825 889 1201 1225 1859 794 538 1333 1069 1039 438 1726 1864 1856 331 1358 2 1015 1788
38  4.144 214 1864 1039 1730 242 351 1225 1726 1073 577 364 521 825 331 1308 1553 1069 1015 438 738 1889 1856 848 538 1393 643 1028 342 1201 1616 452 1788 1333 2 1859 889 1830 1358
39  4.158 1864 418 1616 521 794 1856 1788 825 1358 342 1859 351 1039 241 242 2 438 889 1730 1493 331 452 1073 1015 1201 1028 1707 1726 214 1889 1333 848 1393 538 1830 1947 1225 1069 643
40  4.179 1889 1574 331 521 1201 452 1730 342 794 1856 1069 593 214 1859 1308 351 438 1015 364 1225 1039 643 1864 889 1788 241 848 1726 1358 738 1028 136 1616 538 2 1073 1393 1535 418 1011
41  4.195 351 1864 242 1574 889 1616 438 738 2 1028 1788 1856 1358 1201 364 1493 538 643 1015 331 1726 825 1830 1333 794 214 1296 1730 1225 848 1947 1859 1039 452 1707 521 342 1073 1069 336 1889
42  4.202 351 1073 825 364 1028 1574 136 1889 1730 438 1788 1333 1015 2 848 889 1553 331 794 336 1225 342 643 1864 1726 521 1358 452 1667 1039 1616 1393 738 1859 1069 1201 538 418 1308 1856 593 577
43  4.214 1788 119 794 848 1616 1201 342 1393 1308 1667 889 738 1073 242 643 1574 825 1730 1015 1553 1028 1856 1358 214 1864 1333 577 364 2 1039 1225 331 1947 1726 1859 1889 538 452 1069 418 351 438 521
44  4.231 889 351 1015 1493 1864 1309 1726 1616 342 1028 1225 1073 848 1947 577 1889 794 1788 521 214 452 1358 1830 242 643 364 1069 825 1201 438 1308 1596 738 1856 1553 136 418 538 1730 1393 2 1333 331 1859
45  4.241 1856 1028 825 342 738 1308 794 1333 1393 1358 1493 1225 538 643 452 1864 331 577 1830 1730 1201 889 1726 418 438 1553 351 1616 1073 1947 1015 1889 1707 364 1039 242 1309 1069 848 1788 1859 214 2 136 521
46  4.257 364 1864 848 1225 1726 1947 331 643 1309 1039 1667 825 418 2 136 1730 1308 1358 342 1856 1028 889 452 538 1073 1707 1830 521 1069 214 1889 1201 351 1015 1333 577 1859 1553 438 1393 242 1616 738 794 1788 1493
47  4.271 438 889 1616 136 538 1225 1015 1889 1309 351 452 1358 242 825 2 1830 1028 331 418 336 1726 1856 738 848 214 1864 794 1039 1073 643 1947 1667 1393 1730 577 1493 1201 1788 1069 1859 1553 364 1308 521 1333 342 1707
48  4.286 521 848 351 1726 342 1788 452 1830 136 1308 1859 331 538 438 418 2 1672 1201 1309 891 1073 794 738 214 1864 1015 1225 1358 643 1667 242 1028 577 1616 1039 1730 1069 1393 1333 241 1574 364 1707 1856 825 889 1889 1553
49  4.304 738 418 1015 1333 1358 1201 1493 452 438 2 1616 643 593 1726 1225 1672 136 241 242 735 1667 214 1073 825 1730 889 1830 1788 364 567 1069 1859 1296 1864 1039 538 848 521 1947 794 331 1028 1574 342 1309 1856 336 1889 351
