20  3.963 1859 521 1073 438 1864 1333 889 1201 1730 364 452 1039 1015 1069 1358 1028 136 1493 1616 1140
20  3.947 452 418 1616 1069 889 351 538 848 1073 1028 1015 136 1634 364 1730 1358 1856 438 1830 1201
20  3.973 1859 1073 1140 438 538 577 1333 136 1015 1028 1358 452 1730 1039 1864 1616 889 1069 1201 364
20  3.936 1938 577 889 1393 1028 1015 1358 452 1864 1726 521 1073 418 1730 438 364 538 1201 1856 848
20  3.979 1201 1634 136 889 794 1073 452 1069 1028 1225 1616 351 1393 1859 1358 1015 438 1726 418 848
20  3.951 1859 1856 364 438 1201 1073 1634 1616 136 1069 1028 874 848 452 1015 889 1830 351 1358 1730
20  3.925 1889 1358 1864 889 452 538 1856 1069 1028 1393 1730 1073 438 521 1015 1726 351 136 1201 1127
20  3.960 794 1358 438 1073 1830 889 452 1493 136 521 1028 1859 874 364 1069 1201 1015 1393 1730 1726
20  3.936 364 1028 1358 452 848 1393 1073 889 438 538 1730 1201 577 1864 418 1938 521 1726 1015 1856
20  3.953 242 1358 889 1393 1073 1726 1201 1616 1859 1028 1015 342 848 136 1897 438 1069 2 452 351
20  3.925 1889 1201 452 351 1856 1726 1127 1028 1015 1358 136 521 1864 538 1730 438 889 1069 1073 1393
20  3.966 1393 1201 1358 438 874 1015 342 1859 336 1856 825 261 1073 1069 889 1864 1028 452 577 351
20  3.959 1856 1726 1028 794 452 1358 889 418 438 1201 825 1947 717 1073 1393 1864 1069 538 521 1015
20  3.981 1015 1069 1726 538 452 261 1947 794 1039 1201 331 1358 342 1260 1073 1616 1859 438 848 889
20  3.925 1864 1726 889 1073 1069 1015 1127 1856 351 452 1889 1358 1028 538 1730 438 1393 136 521 1201
20  3.983 1859 1393 1830 1073 351 418 1201 825 848 1616 1947 1028 1358 1069 521 438 889 1856 1015 136
20  3.925 889 1069 1726 1864 438 1127 1730 1358 538 1015 1889 1073 136 1201 521 351 1028 1393 1856 452
20  3.925 1015 452 1127 1201 1069 438 1864 1358 1889 351 1730 1028 538 521 1726 1393 1073 889 1856 136
20  3.967 889 351 1730 1358 2 136 848 438 1616 452 388 1393 1201 1028 1015 1859 1073 1726 1889 1069
20  3.956 438 889 1028 1856 1864 364 342 1039 452 1073 538 1358 1938 1201 418 1015 848 521 1730 1947
20  3.956 1201 364 1028 1039 538 1358 889 1938 1864 1730 1856 848 452 342 1073 438 1947 418 521 1015
20  3.925 521 1726 351 1073 538 438 889 452 1015 1028 1358 136 1856 1730 1393 1864 1201 1069 1127 1889
20  3.925 1015 1073 521 1856 1726 1028 538 452 1127 889 1730 1864 351 1393 1358 438 1201 1889 1069 136
20  3.925 1889 1358 1856 1069 889 1726 1015 452 1201 1073 438 521 351 1864 1393 1730 538 1028 136 1127
20  3.962 438 825 1864 1830 1393 1015 1069 1201 1073 452 418 1028 351 1859 136 1856 889 342 1358 1493
20  3.953 342 1028 1726 1201 1069 848 438 1358 1859 452 136 2 889 1015 1897 351 1616 242 1393 1073
20  3.943 438 1201 1073 1028 1947 1358 1726 889 364 1856 538 794 1393 577 1730 452 1069 1864 1015 521
20  3.981 848 889 136 1711 452 1535 1859 825 1015 1856 1225 1393 794 1028 1073 1201 1358 351 438 418
20  3.947 136 351 418 1015 364 889 1616 1073 1069 438 1830 1028 452 1856 538 1730 1201 848 1634 1358
20  3.943 364 577 1069 1073 1201 538 1730 521 1015 794 438 1393 1856 1358 1028 1864 1947 889 1726 452
20  3.975 1073 438 1726 1730 1028 1393 1015 452 521 848 1201 351 418 136 1309 538 889 1358 214 1069
20  3.959 1073 717 538 794 1028 1947 521 438 1864 1015 1856 452 1358 1069 418 1393 825 889 1726 1201
20  3.925 1028 1069 1015 1864 1726 889 1201 1393 521 1358 136 1889 1127 1856 351 438 1730 452 538 1073
20  4.009 1726 1073 1856 1730 794 889 242 438 364 342 452 612 496 1358 1788 1028 1069 1634 1201 1015
20  3.972 351 1309 538 1069 1726 136 794 1201 1358 1073 1393 1015 889 438 418 1859 1616 1947 452 848
20  3.952 1393 717 1864 438 538 1201 521 452 794 136 1358 1015 1856 1726 1069 364 1073 889 1028 1730
20  3.966 538 418 214 521 1856 1201 1028 848 1073 1358 351 452 1015 1069 889 1730 1889 1393 1726 438
20  3.961 1726 1201 1856 1393 452 1859 1073 336 438 889 1788 1069 825 1015 342 1864 1028 1947 1358 351
20  3.987 538 521 438 1039 1333 1127 1947 1864 1028 418 825 1201 452 889 1358 1856 1730 1073 1015 342
20  3.951 438 418 1393 1015 735 1856 1028 577 136 1201 794 1864 452 538 1730 1073 1069 364 889 1358
20  3.952 717 794 438 1015 1201 538 1726 1073 1856 364 1358 1393 452 136 1864 889 1028 521 1730 1069
20  3.925 351 538 521 1864 1073 1358 438 452 1127 1730 1015 1889 889 1201 1726 136 1393 1856 1069 1028
20  3.978 351 848 1358 1015 889 1201 1393 538 825 1121 418 521 1856 1947 1726 1028 1069 1073 438 452
20  3.969 1393 889 1028 1015 136 1358 1069 1634 1726 1730 1711 1039 848 1616 438 1073 452 351 1859 1201
20  3.936 538 1393 452 1730 889 577 1073 1015 364 1938 1856 848 1201 438 1358 1028 418 521 1864 1726
20  3.936 1393 452 1864 1358 1015 577 889 438 1856 1201 521 1730 364 1726 538 1938 418 1073 848 1028
20  3.943 1358 1730 889 1947 1726 452 1015 1856 577 1069 438 1073 794 1201 364 1028 1864 538 521 1393
20  3.936 1028 1856 418 1938 1073 1864 538 1201 452 577 521 1015 1730 1358 438 364 1393 848 889 1726
20  3.936 1393 364 1730 1073 1864 577 1358 418 1201 1028 1726 452 889 1938 1015 538 521 848 1856 438
20  3.981 1073 1225 794 1201 1358 848 1535 1393 1726 1039 1015 889 136 418 1069 351 438 452 1028 1859
20  3.981 1069 538 794 1201 1947 331 848 452 1073 1015 1726 261 889 1039 1616 438 342 1358 1859 1260
20  3.966 242 1856 848 889 1393 825 438 1358 1859 1073 351 1201 1069 1947 1028 136 1015 1616 1140 1788
20  3.953 242 1726 1069 1897 1358 1393 848 1073 1859 1201 2 1616 1028 438 889 342 1015 452 351 136
20  3.960 1393 1069 1830 1859 1015 1073 825 1028 438 889 342 1856 136 1358 452 1864 1201 1730 351 1711
20  3.951 364 136 452 1856 538 1730 418 889 577 735 1864 794 1015 1069 1393 1028 1358 1073 1201 438
20  3.956 1730 538 1856 848 364 1039 1358 452 889 438 1864 342 1015 418 1073 1947 1028 1938 521 1201
20  3.943 794 577 1201 538 1726 1730 1015 1864 452 1073 364 521 889 438 1028 1069 1947 1358 1856 1393
20  3.966 452 538 1073 1069 1856 889 848 1726 214 418 521 1015 438 1889 351 1028 1730 1358 1201 1393
20  3.925 136 538 521 1856 1358 1393 1889 1201 1069 1726 889 452 1015 1864 1028 1127 438 1073 351 1730
20  3.963 1856 452 577 1393 1015 1864 364 1028 1069 521 1358 136 874 438 1730 1201 538 889 1073 1726
20  3.963 1333 1864 1201 1073 1730 1069 1028 1358 1616 1015 364 1140 1859 136 452 889 1493 521 1039 438
20  3.936 1856 1864 364 438 1073 1726 538 848 1730 1028 1358 1393 577 521 1201 889 1938 418 452 1015
20  3.925 521 1028 1358 1889 438 889 1393 1726 452 1201 351 1015 1856 1069 1730 136 1127 538 1864 1073
20  3.925 1073 538 1889 438 1726 1393 889 1015 1127 1358 136 1730 521 1864 1028 1856 351 1069 452 1201
20  3.961 1859 452 1730 1039 735 1073 1015 889 364 438 1493 794 136 1201 1028 1140 1333 1864 1358 1069
20  3.925 1358 1201 1864 452 1730 1393 1073 351 521 1127 1028 889 136 1856 438 538 1015 1726 1069 1889
20  3.925 1856 1726 136 351 889 1201 1069 438 1015 1393 1028 1358 452 521 1864 1073 1730 1127 538 1889
20  3.951 848 1015 1073 1859 136 889 351 1830 1069 1730 1856 1028 452 874 364 1358 1634 1616 438 1201
20  3.925 438 1864 1730 1073 1393 351 1015 538 1856 521 1889 1726 1358 1127 136 889 1201 452 1069 1028
20  3.962 1015 1201 1393 1856 1069 438 1859 1493 889 1830 1864 452 1358 418 1073 825 1028 342 351 136
20  3.960 1358 521 1859 1726 874 1069 452 794 438 364 1015 1493 1201 1073 1393 1830 1730 1028 136 889
20  3.960 452 242 1069 1493 1028 1856 794 1201 521 1358 1864 438 825 1073 342 1015 1393 1726 1947 889
20  3.968 452 848 1358 1830 1028 438 1073 1616 351 1730 364 1015 1634 1726 889 136 1069 1859 1201 1393
20  3.925 1856 538 1069 1201 1864 1393 452 1726 351 136 889 1889 1073 1127 1358 1730 438 1015 521 1028
20  3.966 336 874 438 342 1864 1393 351 577 1073 1069 1856 1859 1358 825 261 1028 1201 1015 452 889
20  3.947 1856 136 889 438 848 1201 1073 351 1028 538 1830 364 1015 452 418 1358 1616 1069 1730 1634
20  3.936 521 889 1015 1730 1726 1028 538 1358 418 1856 1393 1201 1073 438 1864 364 452 848 577 1938
20  3.959 1073 2 452 1028 794 1726 351 1859 1201 438 848 242 1358 136 1069 176 1616 1393 1015 889
20  3.980 717 1358 438 1028 538 1404 452 521 1015 889 1073 136 1726 1864 1201 351 1393 1856 825 1069
20  3.951 794 1028 735 1730 1015 538 438 1856 452 1358 1073 1069 1864 418 136 889 577 364 1393 1201
20  3.952 889 538 1358 521 1616 1073 1069 1028 1730 438 1015 1201 1889 136 1856 848 1726 351 1393 418
20  3.959 1358 794 1073 242 351 889 1069 176 1859 438 1616 2 136 1015 1201 848 452 1028 1393 1726
20  3.952 1730 1358 1073 1864 136 1015 1201 1393 1069 438 717 1726 538 521 364 1856 889 1028 794 452
20  3.925 452 1069 1393 1726 1127 521 1201 889 351 538 438 1889 1864 1856 1028 1730 1358 1015 1073 136
20  3.981 889 1069 331 1859 342 1616 1039 438 261 794 848 452 1073 1015 1201 1726 1260 1358 1947 538
20  3.953 889 418 1201 1864 1358 1856 1393 1616 1015 1028 848 1073 136 1069 351 538 1730 577 438 364
20  3.936 848 1073 1726 1358 1938 1028 1730 1015 364 438 1393 418 521 889 452 1864 538 1201 1856 577
20  3.936 889 438 848 1015 1201 1864 1358 1073 1393 1856 1726 1730 1028 452 1938 418 364 538 577 521
20  3.953 351 1015 136 1859 1726 1201 1897 452 342 889 1028 2 1358 1393 848 1616 438 242 1073 1069
20  3.960 1859 889 825 1393 1015 342 1830 438 1201 136 452 1069 1856 1711 1028 1730 1073 1864 1358 351
20  3.952 438 889 1069 1730 1015 1358 1028 1889 521 1393 848 538 1073 418 136 1201 1856 1616 1726 351
20  3.936 1726 1938 452 1015 1864 1856 1358 538 364 848 1073 1028 889 1730 577 1393 438 521 1201 418
20  3.960 438 1028 1393 1726 1358 1947 794 1856 1073 1493 242 342 889 452 521 1015 1069 1201 1864 825
20  3.961 889 1859 1039 438 1333 1140 794 735 136 1015 1201 1028 1493 452 1358 364 1730 1073 1069 1864
20  3.968 1015 1201 1864 1616 418 1730 1358 538 1069 1028 1073 848 577 1333 1039 136 1859 438 889 364
20  3.943 1201 1073 452 1856 521 1393 1358 538 794 1730 1069 1726 1864 438 1028 364 1947 889 577 1015
20  3.960 874 438 1015 136 1730 452 1073 889 521 1393 1859 1201 1358 1493 1028 1069 794 364 1830 1726
20  3.961 889 1201 1788 1864 342 438 1015 351 1856 336 825 452 1393 1069 1947 1073 1859 1726 1358 1028
20  3.987 1073 1634 889 261 1726 1859 1616 438 1443 1028 452 1069 1039 848 794 1358 1015 1201 418 351
20  3.936 364 1073 1864 418 1730 1726 438 452 1938 577 1856 538 1015 1201 1358 521 889 1393 848 1028
