 1  9.331 1110
 2  7.282 5917 1196
 3  5.698 2848 9615 1196
 4  4.810 4348 529 9615 1196
 5  4.686 4348 8322 2331 9615 4696
 6  4.117 1563 2615 3744 8322 2190 4348
 7  3.842 636 2710 9615 4348 1196 8322 5261
 8  3.708 5261 559 1196 636 9615 8322 4348 4419
 9  3.668 2615 4348 8322 4652 5946 3051 367 2190 2751
10  3.433 8322 1196 636 5715 3440 5261 4348 2295 268 4921
11  3.503 4512 4348 498 13 9615 1196 8322 1160 2295 5261 636
12  3.361 9615 636 3523 1160 5261 1196 8322 13 4348 367 2295 4259
13  3.382 367 6962 8322 9118 1196 906 5261 816 636 4348 9002 2751 686
14  3.336 4151 1196 2295 683 9363 4915 8322 1563 4460 2615 2190 997 2023 4348
15  3.239 2615 2190 268 2023 683 686 8322 2266 1160 2295 1899 7841 1950 4348 1196
16  3.115 367 636 1160 4801 2848 4348 2023 5261 686 332 2295 1196 4633 268 8322 9615
17  3.194 2054 8162 4373 3494 2615 2295 268 903 8322 636 3051 9615 2023 1160 686 1196 4348
18  3.050 5221 2266 4235 1196 367 2295 4793 1160 4373 8322 2615 683 686 268 4348 2743 2471 9615
19  3.116 4431 683 5261 4613 367 4348 8322 2615 686 2023 2295 9615 1196 2266 997 1160 8162 3051 4460
20  3.099 2295 6508 3440 1563 4793 683 2743 268 1196 559 4348 2615 831 9615 4151 636 9339 2751 3051 8322
21  3.041 367 4235 2605 2751 636 2295 683 2266 8322 2023 997 4348 2471 2615 4342 686 1196 4460 268 8775 9724
22  3.063 686 4793 332 2023 903 3051 8322 4824 268 2615 367 2471 4348 9615 2743 683 2751 2295 1160 4151 4696 4801
23  3.100 4380 5261 9615 2295 3594 1639 8162 268 367 4348 8322 3051 2023 559 1160 5715 5466 683 3771 2605 1196 636 2615
24  3.055 686 5715 268 683 8322 6134 367 2023 6508 9615 4711 636 1259 2751 4604 1196 2295 332 559 2615 4348 1950 1160 3771
25  2.988 636 1196 2743 3051 683 4793 3771 2295 8322 367 4348 9724 2615 9615 892 9339 4801 1160 2751 4711 686 4151 831 4552 268
26  2.972 2295 367 1160 4151 2751 1196 3771 3594 1091 2615 187 9002 3051 2743 2023 268 9615 8322 6508 683 686 4348 4711 4793 1538 2190
27  3.020 268 2743 6696 2190 367 3594 2295 1196 559 1689 3771 1160 2615 8322 2590 4151 636 332 4793 9363 683 4348 4373 686 5261 2023 9615
28  2.992 6962 4801 268 4711 1196 892 1160 2023 4348 4460 2266 997 9615 2615 683 686 4151 903 367 5261 3594 332 2751 4915 636 2295 4793 8322
29  2.987 2751 4348 683 8322 1160 1538 367 903 686 1689 268 3594 3771 1196 6962 6696 4801 2295 3051 332 4711 2023 892 636 9615 4793 5261 4151 2615
30  2.962 1160 831 686 2615 268 4348 2295 8577 9339 636 2023 4711 4151 3051 3594 4793 2751 3771 1196 4801 367 332 5715 5261 4512 9615 683 2743 559 8322
31  2.993 4348 1795 4373 9724 1196 686 5261 2295 8705 4151 2751 367 1160 8322 3771 2743 3594 9615 9339 268 831 4235 2615 636 4801 4793 9269 683 4613 3051 4711
32  2.954 4711 3051 8705 4151 3594 2295 4801 683 1538 1196 4460 2615 5715 2023 9724 6696 5261 1160 367 559 268 686 636 3771 9615 4348 2743 4257 2751 4512 831 8322
33  3.012 683 2751 4801 3594 1538 2295 4348 5261 2471 3771 903 6696 636 3051 4151 5715 2615 686 268 1196 7841 8322 367 4711 1160 4696 2266 9615 2023 7839 8705 9415 4613
34  2.970 4512 2615 683 1160 3051 4793 5715 2295 332 2751 1091 4151 8322 2743 9615 686 636 4348 6696 2266 831 3894 1196 4460 4801 2023 3771 9724 4711 5261 559 367 3594 268
35  2.985 1795 559 4613 4633 268 2751 4460 9615 1196 4801 4793 332 831 686 1160 2615 3051 4711 3771 5261 367 4151 636 6696 2743 1899 2023 7841 2826 683 2295 4342 4348 6962 8322
36  2.995 636 4604 7841 1899 686 3051 1196 6696 4380 2295 4512 268 4793 906 683 8322 4801 2266 1191 4151 2023 5030 4460 1160 892 2743 9339 4348 2751 367 9615 831 6962 2615 4711 4915
37  2.993 4613 636 2295 5261 8322 686 2743 1160 9724 1196 4633 367 1795 4348 9269 4151 892 4235 4801 268 4711 2826 2023 4460 3594 6696 4342 9339 2615 831 3771 683 4793 9615 4604 3051 2751
38  2.996 9724 2743 1196 367 4801 268 1160 8705 1689 4151 2006 2295 9615 4348 5261 4460 6696 636 1383 3771 4342 4711 4793 5715 683 3051 892 2190 559 8322 2023 1538 2751 831 686 3594 1091 2615
39  3.019 2295 559 367 4793 9615 4460 1160 4373 906 1196 2615 7839 4151 683 2266 4348 5715 831 332 7841 636 903 4512 4711 2023 2751 686 1899 3051 3594 6696 4342 8322 2743 268 6962 2826 4801 5261
40  3.031 6962 3594 1160 268 6696 1899 5261 4801 636 2615 4348 2751 7841 4793 1196 4460 2295 4597 332 683 4604 2743 831 9615 8322 367 4151 226 2023 4915 1722 3771 3085 4711 892 4512 1538 5715 3051 686
41  3.038 2295 9433 831 3594 4915 1899 2023 2266 5261 892 4342 9615 686 4711 8705 2743 2751 2605 1196 2615 4793 683 636 2190 4460 4380 4801 4151 367 4512 8322 1160 226 6696 268 4348 3771 5715 2006 1538 6962
42  3.019 1196 1160 268 2615 4460 4512 2295 6962 7841 3771 892 2266 8838 1191 367 559 1899 5261 4604 1795 2751 4801 4711 5715 3051 831 9615 683 8322 4348 2023 686 2743 4793 6696 9118 4380 636 906 4151 1689 3594
43  3.040 2266 892 3051 3594 332 4235 8322 3771 9269 4460 2023 1196 636 1689 4711 2751 9339 5715 3947 683 831 2006 1160 367 4373 2615 268 2295 4613 9724 7839 4348 4801 4342 5261 4793 4604 6696 2826 4151 9615 2743 1795
44  3.054 4348 559 332 4512 1160 2725 6696 4151 2190 9339 2006 4801 5715 3594 268 4711 8322 3051 686 2751 1196 683 4460 892 636 4604 2266 3771 1091 9615 5030 1191 4342 1899 5261 831 2615 2023 2743 4793 8330 6962 2295 367
45  3.057 9724 4793 2295 2266 2743 4801 686 4711 3771 367 559 8322 1196 4512 2751 4235 1160 4342 4460 4348 3122 2826 7841 1795 2605 5261 2615 3594 892 3051 9269 831 9615 906 4380 4151 1689 7456 683 5715 2023 268 6696 636 1899
46  3.062 892 2423 1091 683 5030 2751 1899 1383 4151 4793 4348 4460 5715 332 2295 3771 3594 367 686 2023 8322 4604 2743 9269 2826 9724 268 6962 5261 906 6696 3051 1196 9615 831 2615 1160 1689 4801 636 4235 4711 4342 9339 4373 4512
47  3.060 831 2615 4793 2266 367 2295 9615 3051 1899 4512 686 1689 4460 4711 5715 332 3771 4151 4348 1160 4235 636 2751 892 6962 4373 683 268 4915 2605 2743 4342 5030 559 6696 5261 4380 1196 8322 3122 903 4801 9269 2023 2826 906 3594
48  3.076 367 997 686 1689 4373 1160 2751 1196 2615 1899 4711 5715 4460 4151 3594 3051 268 4348 332 636 9724 4801 3771 4431 4915 4613 4342 4235 2023 2743 8322 4512 2295 8705 379 7839 2826 6696 746 2266 7841 5261 683 9615 4604 831 4793 1795
49  3.093 3051 2615 559 1383 367 5261 8322 268 4348 5715 2023 997 4711 332 2266 9615 1960 2743 3594 5030 6962 1689 4604 4460 2295 1191 2826 6696 4151 4793 1196 2006 4915 892 4342 636 2751 4801 3122 3771 683 9724 981 2725 1899 1160 831 686 2190
