 1  9.331 524
 2  7.416 1083 524
 3  6.291 1095 1611 1461
 4  5.537 1095 1461 1862 566
 5  4.949 516 1461 550 653 1095
 6  4.784 1461 1250 536 1862 1045 1314
 7  4.476 550 1611 1095 1654 2092 1461 566
 8  4.364 393 1250 550 1095 2092 1654 1461 1310
 9  4.297 1947 1265 447 1654 1653 1314 1095 566 1461
10  4.097 1461 807 1375 566 2210 1265 1250 1314 1095 653
11  3.963 1968 165 1156 550 1250 1095 1045 1862 1314 1310 1461
12  3.920 1310 1045 1156 1461 1314 550 134 165 1862 1095 1250 2296
13  3.820 165 1862 1156 1968 1314 1045 550 1989 1461 1095 1310 2296 1250
14  3.802 1045 1095 1989 1862 1156 1310 1314 2032 1968 2296 165 1250 550 1461
15  3.825 1461 1989 1310 550 1968 1314 807 1156 1095 1862 566 420 1250 2296 1045
16  3.754 1654 1862 1461 1250 1989 550 1156 1045 1968 2296 2097 1314 1310 475 165 1095
17  3.767 1654 550 2296 2097 1250 1310 1989 1045 1265 1862 1314 165 1156 1968 1461 420 1095
18  3.772 1989 165 524 1314 2296 1045 1968 1862 1156 1461 1095 2097 301 1654 1265 1310 550 1250
19  3.751 1461 1654 1310 550 165 566 1314 1265 1156 1045 1862 420 2296 1095 1989 2097 1968 807 1250
20  3.799 2007 2097 1156 1310 1314 1862 1045 1989 2296 1095 165 524 1250 1654 2257 566 550 1265 1461 420
21  3.790 2092 1095 1250 1265 1461 447 1862 2007 165 550 1314 1156 2097 1045 1989 2296 1310 2032 2257 1654 566
22  3.770 1989 1265 2076 2007 1156 1310 1314 542 550 1654 1250 420 165 1862 2257 1461 2296 2097 2251 1045 1095 566
23  3.782 420 1314 1654 566 2296 1310 1862 1989 1968 1095 1045 1250 2167 2097 1235 262 550 1156 1265 1461 2248 301 807
24  3.751 1314 1461 1654 2251 420 1250 550 2257 1156 542 1989 2296 165 566 1862 1265 301 1095 1310 1045 2097 2007 2219 524
25  3.766 1250 550 262 2296 1862 165 1314 1045 2251 542 2257 2097 1156 2007 566 1461 1095 1654 1265 420 1310 2219 301 1989 524
26  3.795 1862 550 1095 1265 1694 653 1989 2097 2296 542 2007 262 1461 1310 301 1250 1314 2251 566 165 1045 2257 1156 524 1654 2092
27  3.813 1265 1989 1156 262 566 550 2007 1862 2357 1045 542 2251 1461 1654 2296 420 2167 1314 1095 2257 524 165 1250 301 2248 2097 1310
28  3.823 1265 165 1310 542 2357 2251 420 301 1654 1461 1314 2097 1156 2257 2007 524 2248 566 2167 1095 1862 1045 262 1250 2296 550 2219 1989
29  3.835 566 1095 524 542 2251 1265 1156 1310 2248 2007 550 2092 2357 2296 165 262 2257 1314 1694 1461 653 301 1250 2167 1654 1045 2097 1862 1989
30  3.868 2097 1095 1989 165 2248 1862 2007 2296 1265 1968 2257 1310 807 1156 301 2167 2092 1250 550 1461 1045 1654 447 653 1314 524 916 2027 566 262
31  3.866 2097 1461 1045 2286 2007 2257 2092 550 1250 1862 1314 1095 566 1310 2296 1654 673 2248 653 916 1019 1156 2357 262 420 165 508 1265 2219 1694 2251
32  3.878 2248 2357 1694 2257 566 1250 1045 1019 1862 1156 916 2251 2007 524 1265 2167 420 1095 262 1314 1310 2097 165 1989 1235 1461 301 550 1980 2296 2219 1654
33  3.874 1095 2257 1968 1314 2007 262 1989 2357 566 673 2097 1019 916 1654 301 2296 420 1862 807 2219 2248 2251 1461 1265 1496 1310 165 653 1250 550 2092 1156 1045
34  3.892 1968 807 673 524 1310 420 1461 2357 550 1019 2092 2248 1496 653 2257 1314 165 1862 1654 2007 301 2251 916 566 1095 1989 2097 1250 2296 1045 2219 1156 262 1265
35  3.897 2167 2257 301 165 2007 673 1862 2251 2092 1461 916 1989 1968 1694 2097 566 2296 807 1250 550 2248 420 1235 1019 1496 1095 653 1654 262 1314 1265 1310 1156 1045 2357
36  3.913 653 2097 1265 1989 1314 301 916 566 2007 1496 1694 2092 1461 1235 2219 1862 2357 1654 2257 165 1019 1968 2167 1095 262 807 2251 550 2296 2248 1045 673 420 1250 1310 1156
37  3.935 165 2357 85 1968 1461 566 420 1265 1862 301 1250 916 673 2296 2257 2007 2092 1156 2219 550 2248 2167 1989 807 1654 447 2097 524 2251 1095 1890 1496 653 1019 1045 1314 1310
38  3.951 1045 1694 1496 301 1461 165 1156 2357 2076 1095 2092 1314 653 429 550 2257 2097 2007 673 1654 807 1968 1862 916 1310 1250 1019 2251 2296 524 1989 262 2167 566 85 420 1265 2248
39  3.962 524 1496 1920 1314 1310 420 1045 165 2357 653 1083 2097 1019 262 916 673 1862 85 2167 550 2248 1989 2296 1265 1890 807 2007 2257 1968 1235 1095 301 2251 1250 566 1156 1461 1654 2092
40  3.979 1968 2092 1496 1310 550 2257 1265 1095 420 85 2296 2076 807 2097 262 2167 1250 148 1890 653 1019 1862 301 1920 1654 1461 165 1045 2248 2007 916 1235 1314 2251 1989 566 1156 673 2357 524
41  3.994 1862 1989 1235 2 1968 1156 550 2251 1654 1314 916 2167 2257 2097 2357 165 1310 1250 566 524 1265 807 1019 2248 1496 301 2007 262 1461 1920 653 1890 148 2092 673 420 1095 85 2296 2032 1045
42  4.005 908 1862 85 2007 1310 301 1694 566 1920 1968 550 1496 165 1265 1250 2092 1019 262 1095 1461 1989 2257 2219 2296 1156 1654 2167 807 1045 2097 916 524 673 653 1235 2357 1580 420 1314 132 2248 2251
43  4.024 550 1654 2007 1250 1968 566 301 1019 2286 2167 673 1890 2296 262 1045 1235 653 165 1095 2219 1920 429 1156 1461 1310 420 1989 524 2092 1314 908 1865 2251 2097 1265 2248 2257 1862 1756 916 85 807 1496
44  4.033 524 262 1314 2286 1095 2251 301 916 148 653 2092 566 1235 2296 2257 2248 1920 2 1045 85 1250 1265 1310 908 2097 2007 1019 550 807 165 1862 2357 2032 2167 2219 1496 1654 420 1968 673 1989 1156 1461 1890
45  4.047 2097 2027 447 420 165 301 524 2076 1989 85 807 2251 1265 1310 1045 1654 2092 566 2296 2219 2032 262 1314 1968 1461 653 908 2007 2248 1235 148 1095 2257 1920 1890 1496 2 1862 1250 1019 1156 550 916 673 2167
46  4.069 2219 2092 524 2 2007 413 1968 2097 2248 1265 447 2286 1045 550 916 1156 1250 807 1496 981 2251 653 1694 1862 1461 566 2072 1019 673 429 1310 165 2027 148 1314 2257 420 262 1654 1920 2296 2167 1095 301 1097 908
47  4.076 2219 1314 1654 1235 1496 1250 262 2296 301 2 2248 1989 524 85 1156 1862 1019 1095 1310 1920 981 2076 1045 673 2286 2097 550 2167 2072 807 2251 1265 447 2027 916 1461 2007 2257 653 1968 420 165 566 1890 2092 148 908
48  4.095 2076 566 807 2007 1156 85 1694 1654 1095 2296 2219 1235 262 716 2027 165 1865 1862 2248 2167 301 653 1250 1756 429 1314 524 2286 1265 916 2251 1968 550 447 1461 2257 673 420 1045 1920 406 1890 2097 1310 2253 1019 2092 1496
49  4.105 420 1045 1862 2092 85 1250 673 1890 794 2007 550 2097 1019 2076 1235 2027 916 1095 2257 2248 148 1156 524 2167 1496 1989 1968 165 1310 807 2296 566 1265 2 1654 2219 1461 447 981 301 2286 653 1920 2072 908 413 1314 262 2251
