20  3.022 1196 8322 636 332 997 4348 2615 3122 3051 4151 9615 4460 5715 559 367 5261 4801 683 4915 2295
20  3.172 686 2023 683 268 8322 3051 4512 226 4242 2751 8705 2295 1950 4348 1196 367 2615 9724 4056 636
20  3.095 4460 2751 2023 9702 1091 2295 2615 367 2743 2471 226 4235 268 332 683 8322 3051 4348 1196 686
20  3.139 2295 683 9615 268 4348 559 686 1853 5030 1196 4711 2529 3645 2751 367 4793 2266 2615 2023 2743
20  3.124 1196 4348 4793 3051 2615 2295 559 9724 5261 3122 4151 683 3947 5408 2751 367 1795 9615 1689 8322
20  3.121 636 1196 8322 3051 2295 4552 2795 1160 4348 1538 2023 2751 9615 367 2615 2266 5261 268 686 8415
20  3.045 8322 2266 1160 4373 2615 4210 1221 2743 2023 9615 3051 683 6508 4348 268 686 1196 367 4793 2295
20  3.117 3051 2295 2751 2615 683 2023 2190 367 686 1160 1196 268 2677 2266 1091 4793 2471 6508 4348 8322
20  3.018 9615 3594 2331 2615 1196 683 2743 4235 4348 332 367 4711 2023 4373 686 268 8322 4793 2295 1160
20  3.102 4235 2266 3947 3645 686 2615 1196 9269 367 8322 9615 2295 4373 9724 2743 4348 683 268 2751 4793
20  3.032 8322 4801 4348 4373 3494 3051 683 559 2743 268 367 2615 9615 636 1160 4793 9339 4151 2295 332
20  3.040 2023 4373 2671 2295 8162 4348 686 2743 8322 1196 683 9615 367 4711 4793 2266 1160 268 2615 2471
20  3.089 3051 1196 4348 4711 9724 4793 1689 3122 9615 559 2751 4151 367 9269 2615 8322 2743 2826 683 636
20  3.074 2295 1822 4348 8322 4633 367 268 9615 8162 683 4613 686 2023 2615 4793 636 3051 1160 1196 2266
20  3.054 686 2615 3051 3294 2295 2743 4210 2266 683 8322 1196 4793 4348 2023 1160 9615 4373 4512 268 367
20  3.045 8322 2295 2266 2023 5261 3294 9615 686 636 683 268 367 1196 2615 3051 7841 1538 2733 4348 1160
20  3.069 9615 2826 9002 2615 1160 367 3051 2295 2023 1196 3771 4711 4348 3122 686 8322 4613 636 683 9724
20  3.087 4348 2023 636 4793 1538 1196 2295 6508 8322 367 2751 686 7615 1689 2266 2615 3051 2628 683 268
20  3.010 2295 5261 2266 1196 1960 4801 686 332 9615 636 367 2615 683 2023 4348 268 1160 2471 4793 8322
20  3.024 3594 2615 9615 2743 5261 367 4348 2023 559 4373 332 686 2295 8322 1196 683 4793 268 3051 1160
20  3.128 8322 636 559 4348 3771 3051 367 4151 2751 6508 268 2743 2295 2615 2239 2190 9339 5715 309 683
20  3.038 683 1160 5843 268 367 4711 1196 9615 8322 332 2023 2615 4348 4373 1899 559 686 2295 4793 2743
20  3.059 683 9724 367 559 1196 2743 4915 4348 4151 4793 2751 2615 9615 2471 2023 3440 2266 4460 268 2295
20  3.023 997 636 4793 4348 2751 9615 3051 6508 2615 4711 1196 2295 6962 8322 4460 367 683 686 1538 4151
20  3.057 2615 683 367 8322 2023 4711 636 9724 3122 4460 7836 4151 2295 4348 1196 9615 997 332 686 4801
20  3.071 4793 686 1809 4348 636 1196 2743 2023 4151 3440 2295 8322 683 9724 2615 2751 2471 9615 268 367
20  3.085 636 4348 686 2266 2615 9269 8322 683 9615 367 4793 2751 4801 831 906 1160 2295 2743 9724 3051
20  3.053 2471 6232 2751 3051 2023 2743 1196 9615 268 2615 4460 367 4793 683 3440 4348 3907 4151 2295 9002
20  3.037 367 559 686 9615 2023 3645 2295 4348 9724 268 2743 2615 4793 1196 1160 4711 683 4373 8322 2266
20  3.024 9615 8322 1160 1196 332 4793 367 2615 686 3594 683 4373 2023 5261 4348 268 2743 559 2295 3051
20  3.088 4348 268 2023 3440 683 3907 3051 1196 4460 4151 636 2266 2751 2295 8322 9339 2471 6232 2615 4235
20  3.087 268 1196 2615 4711 6184 1160 367 9615 636 2743 2266 8322 2023 2295 9724 3881 683 4348 3122 686
20  3.016 4348 367 9615 8322 4151 9269 997 636 4460 4512 3051 2295 9724 2471 3440 2751 683 1196 4793 2615
20  3.075 9615 8322 4711 6841 4348 683 636 4151 9724 686 1160 3771 332 367 3881 3122 1196 2615 2023 2295
20  3.109 2295 1196 559 831 4711 636 8162 4613 683 2023 1160 686 4348 5715 9615 8322 2615 1563 3771 2266
20  3.115 2295 1196 3051 4380 8322 683 2023 1689 2605 4793 268 4348 7841 2266 367 2751 3947 636 2615 7615
20  3.028 8322 332 4348 1822 683 2295 268 2743 686 2023 636 9615 3051 4801 4793 367 2266 2615 1160 1960
20  3.007 4348 268 4801 636 5807 4711 2295 683 332 2023 367 4793 8322 1160 1822 686 1196 2615 2266 9615
20  3.045 2743 2295 9615 686 6508 4348 683 1196 367 4373 268 3051 8322 1221 2023 1160 2615 4793 4210 2266
20  3.129 686 3771 268 636 1196 7841 4380 2023 367 1756 8705 1950 1160 2615 8322 4512 4348 683 2295 3051
20  3.159 4348 1639 636 4711 2266 5715 1895 2023 4380 1160 3771 1196 2615 8322 268 2295 683 831 9615 3499
20  3.057 367 2615 636 559 268 1196 9724 4711 686 6539 2266 2023 683 3440 2751 8322 2295 4460 4348 8288
20  3.111 2743 2615 4348 2751 3771 2605 9118 2295 4485 686 4235 8322 1196 9724 636 4313 9269 268 367 683
20  3.027 4793 8322 2023 9615 2295 2266 2615 2743 367 636 4210 683 4373 1160 4348 268 9724 1221 1196 686
20  3.126 2751 1091 6962 1950 2295 2615 4793 367 9339 4348 4151 636 3051 1196 3771 8322 686 683 268 2190
20  3.096 3051 367 2615 2743 4793 268 559 3467 2023 4460 1196 2751 1091 4151 683 3440 4348 2295 1689 9724
20  3.110 7565 1010 4348 683 2615 3440 2295 636 5715 1689 367 2751 4793 4151 2190 5261 8322 6962 1196 3771
20  3.023 8322 2295 4348 268 9615 2615 683 1196 2266 6962 4793 332 367 686 1160 636 2023 3294 5261 4373
20  3.068 2605 8322 268 2743 4348 2751 686 9615 2848 2266 683 1196 2023 1899 1160 2615 4793 4711 6819 367
20  3.201 5261 1722 2295 4348 5030 3594 268 559 3051 8322 686 332 367 610 2743 2023 9339 4604 1160 636
20  3.010 636 268 4348 686 8322 332 4801 1960 2023 5261 2295 4793 1160 367 2471 9615 2266 2615 1196 683
20  3.060 8322 367 2295 1196 559 9615 686 4793 2751 5261 6962 1160 636 2615 4348 683 3440 332 268 6134
20  3.075 906 1160 4348 6423 367 2751 6962 3051 686 8322 4151 2615 4460 2190 3494 2295 1196 683 4793 1091
20  3.054 3499 9615 1899 683 4348 686 2751 3771 1160 4793 4151 8322 6962 1196 4711 5408 2295 2190 2615 367
20  3.092 4235 2471 9615 9724 1538 636 9269 1196 6539 2751 268 367 4348 686 2615 2266 2023 683 8322 2295
20  3.007 4801 4711 1196 636 4348 268 5807 683 2266 367 9615 1160 686 1822 2023 332 2615 2295 4793 8322
20  3.194 367 1639 4348 2615 6696 636 8322 4373 683 2023 268 2266 9724 2020 1196 3334 5715 2628 4460 2295
20  3.114 1538 1196 683 686 2295 2023 6962 4711 3051 367 7841 8322 2751 636 4348 6539 2615 268 4151 4460
20  3.169 9615 9002 1196 2295 3219 636 9724 683 8322 367 4348 831 1160 686 4 2266 5261 1899 268 3085
20  3.039 367 4348 2471 2266 2615 4151 1160 9615 636 1196 2743 683 268 4793 9339 8322 4801 4373 2295 9724
20  3.080 1160 1196 4348 9615 2295 4793 3771 2727 367 683 9269 5261 3051 8322 2615 636 6962 4151 332 2751
20  3.067 2615 4373 1581 4348 8322 2295 4793 4460 2023 683 4711 367 1196 3051 4512 9615 1639 4151 9724 1160
20  3.146 3122 4460 3771 683 3051 2295 686 4348 1950 8322 4151 9724 367 2615 4711 997 2743 1196 5715 4373
20  3.007 2615 367 683 332 5807 686 8322 1822 4793 1196 268 2266 9615 2023 2295 636 1160 4711 4801 4348
20  3.079 332 2023 9615 4235 1822 8322 1160 6134 2615 2295 268 367 1091 686 4711 683 1196 636 4793 4348
20  3.083 5715 683 1196 686 367 8322 3085 2295 2615 1822 268 2190 2751 1950 3051 636 2266 4348 6508 226
20  3.061 4793 3440 268 636 4151 4348 4235 2615 350 1196 2751 2295 6962 4342 683 9339 8322 9615 332 367
20  3.045 8322 1160 1196 683 367 2023 7836 2743 13 2615 2295 686 4373 2266 268 4793 4348 9002 9615 636
20  3.036 559 3051 686 9002 2615 9615 2266 8322 1160 268 636 4348 4793 367 2743 4801 1196 2751 2295 683
20  3.104 4187 2751 2615 8322 1196 9615 2023 367 4235 4633 686 2295 4348 4711 332 6638 268 636 4692 683
20  3.117 5715 2946 2615 2295 3051 683 2023 1160 8322 9615 3771 8162 1196 636 559 4348 4711 367 3523 4613
20  3.100 367 686 2295 2615 4348 5261 4235 268 1160 3051 4373 3440 4613 9615 8162 8705 1196 8322 4431 636
20  3.059 9615 683 4793 2295 4151 2266 2615 2471 9724 4348 3440 4915 559 2751 268 1196 2023 2743 367 4460
20  3.068 2743 8322 636 2266 268 2751 2615 4235 4793 4348 1196 683 2295 9615 3051 1160 4313 7580 686 367
20  3.046 367 2023 636 8415 5261 2615 3594 268 1160 1538 2266 9615 4348 8322 3051 2751 686 226 1196 2295
20  3.126 1196 2751 2023 367 9724 226 8172 1160 4348 2419 686 2615 2295 6134 268 8322 2471 683 2190 636
20  3.033 1160 5261 4348 997 8322 2266 2295 4801 636 1196 332 683 3051 4460 2615 367 9615 2023 1822 686
20  3.079 4711 226 4313 2615 2023 2751 2295 367 9724 686 4793 268 4348 4485 1196 636 2743 2266 8322 683
20  3.018 1196 1160 2615 683 4348 8322 4235 4711 4793 2743 367 2295 2331 9615 2023 4373 3594 268 686 332
20  3.073 4460 4604 2266 1196 2615 3594 9615 9724 5261 3051 1160 906 4613 3085 8322 686 4373 2295 367 4348
20  3.045 1196 367 268 2615 7841 2266 3294 2733 683 5261 1160 1538 2023 3051 636 8322 2295 9615 4348 686
20  2.999 1196 4460 332 3051 9615 4348 2751 683 6962 8322 2295 686 4151 2615 9002 636 4793 997 4801 367
20  3.010 2743 9339 636 4151 9615 2471 1196 3051 4793 6508 2615 8322 559 2751 683 4348 268 3440 367 2295
20  3.066 3051 4512 1160 4348 8322 2295 4711 13 9615 1091 2615 4793 559 683 2743 4460 1196 367 4151 2023
20  3.010 367 1960 2295 1196 2023 9615 4793 5261 2471 332 686 2266 268 2615 4801 636 8322 4348 683 1160
20  3.127 4151 4235 636 1795 9339 8322 4348 1091 1196 3005 2751 2023 2295 2266 4460 2471 9724 268 2615 683
20  3.043 2615 1160 268 686 9615 1196 2266 4711 1899 5807 683 559 8322 2295 4348 4373 2743 4793 2023 367
20  3.130 1196 1160 2671 4793 683 367 686 9615 3594 2751 4348 2615 2295 6962 7841 2743 4711 3051 906 8322
20  3.057 2266 2295 1091 1160 2023 5261 2912 268 683 3051 831 686 2615 4460 4348 1196 8322 4793 367 2743
20  3.107 2295 2615 1853 367 4348 3881 4235 2743 559 9615 686 1160 268 683 3122 1196 2023 8322 3051 2266
20  3.119 2023 636 1196 559 9615 2266 367 1160 5261 6134 8322 2295 4348 683 9363 4460 332 997 686 2615
20  3.107 226 2471 5261 2751 8322 3594 268 2023 367 683 3440 2984 1196 2605 2615 2743 5715 4460 4348 2295
20  3.103 2733 367 1196 9615 4348 8322 4460 4613 3051 4711 1899 2295 2023 686 6867 683 4512 2615 4151 997
20  3.054 559 4793 367 4348 1196 4460 9615 4711 683 686 226 2023 4512 4151 8322 3594 2743 2615 9724 2751
20  3.063 5807 4348 4793 686 4235 2743 1160 3594 2266 683 4373 2615 559 9615 8322 3051 367 268 1196 2295
20  3.074 1689 2743 683 2751 636 1196 2295 8322 9724 4793 4929 367 4348 268 2615 5261 3440 4151 9339 559
20  3.049 4711 4512 2615 9724 1196 8322 686 2751 8705 997 367 2023 2295 1822 3051 4151 683 4348 636 4460
20  3.129 892 6962 8322 1160 2266 1196 4460 3051 367 683 2023 2295 906 2751 686 4348 5715 3840 2615 4711
20  3.018 4711 4793 686 1196 2743 1160 4373 4235 4348 332 2331 2023 9615 2615 683 3594 2295 268 367 8322
20  3.099 2295 7841 9724 906 1538 636 3051 4711 3085 4801 9615 1196 686 1160 367 4151 2615 8322 2751 4348
